102
1 0 0 -8 90 0 -1 0 0.1 0.1 0.1
1 0 0 -8 90 0 -1 0 0.1 0.1 0.1
1 0 0 -8 90 0 -1 0 0.1 0.1 0.1
1 0 0 -8 90 0 -1 0 0.1 0.1 0.1
1 0 0 -8 90 0 -1 0 0.1 0.1 0.1
1 0 0 -8 90 0 -1 0 0.1 0.1 0.1
1 0 0 -8 90 0 -1 0 0.1 0.1 0.1
1 0 0 -8 90 0 -1 0 0.1 0.1 0.1
1 0 0 -8 90 0 -1 0 0.1 0.1 0.1
1 0 0 -8 90 0 -1 0 0.1 0.1 0.1
1 0 0 -8 90 0 -1 0 0.1 0.1 0.1
1 0 0 -8 90 0 -1 0 0.1 0.1 0.1
1 0 0 -8 90 0 -1 0 0.1 0.1 0.1
1 0 0 -8 90 0 -1 0 0.1 0.1 0.1
1 0 0 -8 90 0 -1 0 0.1 0.1 0.1
1 0 0 -8 90 0 -1 0 0.1 0.1 0.1
1 0 0 -8 90 0 -1 0 0.1 0.1 0.1
1 0 0 -8 90 0 -1 0 0.1 0.1 0.1
1 0 0 -8 90 0 -1 0 0.1 0.1 0.1
1 0 0 -8 90 0 -1 0 0.1 0.1 0.1
1 0 0 -8 90 0 -1 0 0.1 0.1 0.1
1 0 0 -8 90 0 -1 0 0.1 0.1 0.1
1 0 0 -8 90 0 -1 0 0.1 0.1 0.1
1 0 0 -8 90 0 -1 0 0.1 0.1 0.1
1 0 0 -8 90 0 -1 0 0.1 0.1 0.1
1 0 0 -8 90 0 -1 0 0.1 0.1 0.1
1 0 0 -8 90 0 -1 0 0.1 0.1 0.1
1 0 0 -8 90 0 -1 0 0.1 0.1 0.1
1 0 0 -8 90 0 -1 0 0.1 0.1 0.1
1 0 0 -8 90 0 -1 0 0.1 0.1 0.1
1 0 0 -8 90 0 -1 0 0.1 0.1 0.1
1 0 0 -8 90 0 -1 0 0.1 0.1 0.1
1 0 0 -8 90 0 -1 0 0.1 0.1 0.1
1 0 0 -8 90 0 -1 0 0.1 0.1 0.1
1 0 0 -8 90 0 -1 0 0.1 0.1 0.1
1 0 0 -8 90 0 -1 0 0.1 0.1 0.1
1 0 0 -8 90 0 -1 0 0.1 0.1 0.1
1 0 0 -8 90 0 -1 0 0.1 0.1 0.1
1 0 0 -8 90 0 -1 0 0.1 0.1 0.1
1 0 0 -8 90 0 -1 0 0.1 0.1 0.1
1 0 0 -8 90 0 -1 0 0.1 0.1 0.1
1 0 0 -8 90 0 -1 0 0.1 0.1 0.1
1 0 0 -8 90 0 -1 0 0.1 0.1 0.1
1 0 0 -8 90 0 -1 0 0.1 0.1 0.1
1 0 0 -8 90 0 -1 0 0.1 0.1 0.1
1 0 0 -8 90 0 -1 0 0.1 0.1 0.1
1 0 0 -8 90 0 -1 0 0.1 0.1 0.1
1 0 0 -8 90 0 -1 0 0.1 0.1 0.1
1 0 0 -8 90 0 -1 0 0.1 0.1 0.1
1 0 0 -8 90 0 -1 0 0.1 0.1 0.1
1 0 0 -8 90 0 -1 0 0.1 0.1 0.1
1 0 0 -8 90 0 -1 0 0.1 0.1 0.1
1 0 0 -8 90 0 -1 0 0.1 0.1 0.1
1 0 0 -8 90 0 -1 0 0.1 0.1 0.1
1 0 0 -8 90 0 -1 0 0.1 0.1 0.1
1 0 0 -8 90 0 -1 0 0.1 0.1 0.1
1 0 0 -8 90 0 -1 0 0.1 0.1 0.1
1 0 0 -8 90 0 -1 0 0.1 0.1 0.1
1 0 0 -8 90 0 -1 0 0.1 0.1 0.1
1 0 0 -8 90 0 -1 0 0.1 0.1 0.1
1 0 0 -8 90 0 -1 0 0.1 0.1 0.1
1 0 0 -8 90 0 -1 0 0.1 0.1 0.1
1 0 0 -8 90 0 -1 0 0.1 0.1 0.1
1 0 0 -8 90 0 -1 0 0.1 0.1 0.1
1 0 0 -8 90 0 -1 0 0.1 0.1 0.1
1 0 0 -8 90 0 -1 0 0.1 0.1 0.1
1 0 0 -8 90 0 -1 0 0.1 0.1 0.1
1 0 0 -8 90 0 -1 0 0.1 0.1 0.1
1 0 0 -8 90 0 -1 0 0.1 0.1 0.1
1 0 0 -8 90 0 -1 0 0.1 0.1 0.1
1 0 0 -8 90 0 -1 0 0.1 0.1 0.1
1 0 0 -8 90 0 -1 0 0.1 0.1 0.1
1 0 0 -8 90 0 -1 0 0.1 0.1 0.1
1 0 0 -8 90 0 -1 0 0.1 0.1 0.1
1 0 0 -8 90 0 -1 0 0.1 0.1 0.1
1 0 0 -8 90 0 -1 0 0.1 0.1 0.1
1 0 0 -8 90 0 -1 0 0.1 0.1 0.1
1 0 0 -8 90 0 -1 0 0.1 0.1 0.1
1 0 0 -8 90 0 -1 0 0.1 0.1 0.1
1 0 0 -8 90 0 -1 0 0.1 0.1 0.1
1 0 0 -8 90 0 -1 0 0.1 0.1 0.1
1 0 0 -8 90 0 -1 0 0.1 0.1 0.1
1 0 0 -8 90 0 -1 0 0.1 0.1 0.1
1 0 0 -8 90 0 -1 0 0.1 0.1 0.1
1 0 0 -8 90 0 -1 0 0.1 0.1 0.1
1 0 0 -8 90 0 -1 0 0.1 0.1 0.1
1 0 0 -8 90 0 -1 0 0.1 0.1 0.1
1 0 0 -8 90 0 -1 0 0.1 0.1 0.1
1 0 0 -8 90 0 -1 0 0.1 0.1 0.1
1 0 0 -8 90 0 -1 0 0.1 0.1 0.1
1 0 0 -8 90 0 -1 0 0.1 0.1 0.1
1 0 0 -8 90 0 -1 0 0.1 0.1 0.1
1 0 0 -8 90 0 -1 0 0.1 0.1 0.1
1 0 0 -8 90 0 -1 0 0.1 0.1 0.1
1 0 0 -8 90 0 -1 0 0.1 0.1 0.1
1 0 0 -8 90 0 -1 0 0.1 0.1 0.1
1 0 0 -8 90 0 -1 0 0.1 0.1 0.1
1 0 0 -8 90 0 -1 0 0.1 0.1 0.1
1 0 0 -8 90 0 -1 0 0.1 0.1 0.1
1 0 0 -8 90 0 -1 0 0.1 0.1 0.1
0 -5 0 -20 90 0 -1 0 2 10 10  
2 0 0 -13 0 0 0 0 4 4 4